47.62 





48.27 





51.79 





57.66 




65.05 





80.88 





91.95 





93.18 





74.63 





51.77 





35.70 





27.32 





21.77 




20.47 





21.33 





24.65 





37.42 





41.11 





42.55 





44.94 





49.40 





55.72 




50.78 





49.50 





49.23 





47.44 





49.07 





55.36 





61.03 





73.95 





83.41 




89.82 





86.43 





65.38 





45.79 





32.92 





26.05 





23.74 





23.20 





24.14 




30.50 





42.20 





42.92 





46.99 





48.21 





57.72 





51.16 





46.87 





48.33 




46.37 





47.81 





49.59 





58.02 





64.51 





75.26 





79.72 





82.42 





72.60 




58.11 





41.41 





30.19 





23.24 





20.57 





21.60 





25.77 





39.56 





48.11 




52.68 





57.50 





56.74 





59.54 





62.49 





63.81 





66.64 





65.37 





64.27 




63.85 





68.65 





79.94 





89.05 





90.48 





91.11 





73.54 





52.97 





37.69 




30.57 





27.94 





26.86 





26.92 





36.33 





50.29 





60.42 





68.35 





69.53 




68.91 





71.22 





72.79 





74.32 





75.44 





83.57 





74.23 





75.86 





86.52 




93.92 





101.13 





103.94 





81.02 





56.44 





39.11 





28.89 





25.62 





23.75 




24.47 





30.64 





40.66 





44.41 





48.45 





52.16 





58.59 





60.86 





57.49 




57.26 





56.28 





55.45 





57.98 





65.85 





73.25 





86.90 





95.99 





101.12 




89.91 





65.12 





44.97 





32.78 





27.09 





24.84 





24.68 





29.09 





36.11 




41.02 





40.98 





45.04 





52.16 





64.57 





59.01 





57.50 





56.67 





54.92 




55.73 





61.39 





70.23 





83.59 





116.33 





163.57 





123.91 





83.41 





56.03 




38.22 





28.39 





24.74 





25.09 





27.71 





36.08 





48.29 





48.46 





52.24 




54.62 





61.90 





64.75 





61.67 





60.95 





58.46 





58.40 





61.67 





70.71 




78.21 





91.18 





99.09 





103.35 





88.92 





64.24 





44.40 





32.72 





27.99 




25.92 





25.87 





30.66 





43.28 





50.40 





51.13 





53.83 





57.03 





67.49 




61.07 





59.77 





61.98 





58.94 





60.67 





66.03 





71.37 





84.39 





92.92 




97.91 





97.90 





73.50 





52.08 





37.37 





30.42 





27.55 





26.82 





29.73 




34.93 





48.60 





50.21 





53.18 





53.54 





59.79 





58.08 





55.56 





56.97 




55.48 





54.20 





57.95 





63.09 





69.51 





78.85 





84.81 





92.13 





81.40 




65.79 





47.80 





35.97 





29.74 





26.54 





27.45 





29.81 





44.97 





52.89 




56.98 





63.67 





63.14 





63.33 





63.97 





65.96 





68.76 





70.50 





70.80 




71.43 





72.30 





84.78 





94.85 





100.47 





98.50 





79.79 





59.59 





44.18 




35.11 





29.05 





27.53 





27.52 





34.82 





53.54 





61.08 





66.77 





66.04 




61.86 





70.82 





70.84 





73.60 





77.24 





79.47 





78.24 





79.46 





90.82 




101.18 





108.69 





104.66 





89.75 





64.32 





43.25 





27.00 





23.31 





20.09 




21.34 





26.67 





38.13 





40.30 





45.13 





48.39 





53.39 





60.54 





55.67 




55.31 





56.08 





59.05 





62.16 





68.58 





80.58 





84.08 





99.58 





98.22 




89.64 





66.71 





48.15 





35.79 





28.59 





26.55 





24.15 





23.83 





32.67 




39.46 





39.74 





42.39 





45.22 





56.23 





52.55 





51.55 





53.48 





53.44 




53.75 





58.53 





66.06 





77.09 





87.81 





99.46 





92.95 





73.09 





52.12 




38.79 





30.08 





24.35 





19.85 





20.30 





24.71 





39.33 





41.84 





41.95 




47.07 





50.37 





55.33 





51.17 





52.78 





49.77 





49.36 





51.31 





58.20 




62.90 





76.13 





86.02 





90.03 





77.48 





57.62 





39.60 





28.82 





24.41 




18.10 





18.76 





21.11 





30.56 





37.12 





38.95 





42.57 





45.27 





56.09 




49.64 





48.30 





52.22 





51.45 





52.32 





56.49 





60.55 





71.93 





81.70 




84.94 





86.87 





65.44 





42.61 





28.57 





21.28 





16.67 





14.29 





17.34 




22.85 





35.92 





35.52 





38.81 





43.51 





50.99 





55.54 





51.21 





51.25 




49.48 





50.52 





54.15 





59.36 





61.51 





69.49 





74.99 





82.31 





71.55 




60.38 





41.42 





27.59 





22.82 





20.11 





19.34 





23.68 





34.92 





46.73 




50.17 





55.29 





53.88 





55.50 





57.58 





61.27 





60.70 





62.61 





65.89 




65.34 





64.91 





77.17 





82.91 





88.41 





90.80 





76.30 





55.66 





40.42 




32.86 





28.90 





27.32 





30.37 





32.05 





48.83 





56.33 





63.38 





67.22 




67.74 





68.60 





72.50 





74.89 





74.91 





74.45 





76.22 





78.01 





83.23 




95.36 





104.06 





101.51 





86.55 





63.89 





42.94 





33.10 





30.15 





24.89 




23.36 





29.73 





40.00 





43.82 





48.58 





52.08 





51.19 





61.35 





55.48 




54.26 





54.01 





54.88 





56.84 





63.80 





69.11 





80.00 





97.71 





97.76 




91.81 





70.07 





51.20 





29.52 





25.02 





24.03 





23.10 





25.34 





31.63 




42.06 





41.37 





45.39 





47.85 





55.83 





54.28 





51.88 





55.06 





52.87 




54.88 





57.15 





63.41 





72.20 





85.47 





107.96 





128.96 





84.95 





59.08 




44.25 





33.33 





27.01 





22.71 





24.18 





28.71 





42.08 





42.02 





45.49 




48.45 





47.99 





58.33 





52.01 





51.69 





52.61 





53.02 





55.70 





63.28 




63.37 





74.02 





81.97 





88.15 





85.89 





65.24 





47.70 





32.78 





22.74 




17.54 





23.56 





26.54 





32.45 





42.69 





38.99 





41.33 





41.38 





54.56 




53.12 





50.67 





51.35 





52.27 





54.19 





57.85 





64.08 





76.53 





87.47 




93.58 





93.97 





77.82 





56.20 





39.98 





30.44 





28.03 





27.76 





28.02 




30.53 





45.59 





46.78 





45.89 





48.77 





51.00 





56.80 





52.14 





53.92 




52.82 





52.96 





54.55 





60.18 





64.25 





72.73 





79.46 





81.19 





81.60 




67.65 





50.37 





37.79 





30.70 





27.88 





26.13 





27.77 





38.83 





52.14 




57.82 





61.63 





62.63 





64.60 





71.52 





67.29 





63.74 





67.16 





68.05 




66.34 





67.49 





73.50 





85.60 





93.40 





95.09 





81.10 





59.44 





43.60 




35.86 





28.52 





26.34 





26.74 





29.71 





44.29 





52.34 





59.22 





63.87 




64.56 





65.60 





69.70 





71.02 





74.12 





76.21 





74.56 





78.08 





84.35 




92.61 





107.74 





108.81 





92.65 





68.21 





46.06 





34.25 





25.14 





19.73 




19.68 





24.91 





34.06 





38.63 





41.51 





47.09 





49.09 





60.00 





56.71 




55.01 





57.26 





56.26 





58.11 





64.14 





78.96 





83.53 





94.92 





103.21 




95.85 





72.91 





51.43 





38.64 





28.38 





22.99 





21.36 





22.71 





30.31 




42.90 





43.47 





45.43 





48.62 





53.56 





56.99 





53.61 





54.99 





53.64 




53.82 





55.60 





62.86 





70.28 





83.47 





97.91 





95.82 





81.14 





59.38 




41.96 





28.90 





23.02 





21.85 





20.76 





25.34 





35.76 





41.61 





42.83 




46.57 





47.00 





57.73 





51.85 





51.77 





53.52 





52.93 





53.60 





61.50 




65.52 





78.02 





88.50 





88.64 





85.82 





63.58 





47.38 





34.97 





25.34 




21.91 





19.18 





20.70 





28.13 





41.65 





43.72 





47.79 





48.75 





56.56 




58.10 





54.37 





54.97 





54.11 





55.80 





59.57 





65.63 





72.73 





84.74 




88.72 





92.23 





76.19 





58.33 





40.78 





30.52 





26.35 





21.65 





23.48 




26.30 





37.48 





43.90 





41.51 





45.04 





47.27 





54.69 





50.72 





52.58 




54.64 





55.20 





53.22 





58.71 





65.12 





67.95 





77.22 





80.79 





79.50 




66.62 





49.46 





35.72 





29.89 





25.72 





20.89 





22.85 





29.54 





39.99 




43.72 





49.27 





56.57 





56.79 





62.73 





60.45 





62.44 





63.97 





64.81 




66.60 





67.51 





75.81 





82.77 





91.29 





86.54 





78.56 





59.48 





42.65 




32.88 





28.11 





24.23 





23.84 





28.26 





42.45 





54.81 





55.36 





62.04 




60.96 





61.68 





65.31 





66.45 





67.50 





72.27 





70.14 





68.46 





72.02 




82.10 





89.93 





92.62 





91.54 





73.02 





51.26 





34.36 





25.39 





21.15 




19.35 





21.62 





28.56 





39.56 





50.28 





60.36 





62.26 





59.99 





63.29 




65.86 





71.28 





73.86 





72.00 





70.05 





74.12 





80.42 





92.49 





95.96 




93.50 





79.52 





59.98 





40.57 





27.01 





20.92 





18.15 





20.84 





26.52 




39.70 





39.78 





41.97 





46.69 





50.35 





56.92 





50.94 





51.75 





53.16 




53.64 





53.13 





59.28 





67.67 





81.05 





102.31 





98.65 





87.27 





66.00 




50.22 





32.82 





26.10 





23.55 





22.99 





24.30 





35.62 





44.04 





42.63 




44.74 





47.20 





59.89 





55.66 





52.20 





54.72 





54.47 





54.50 





58.38 




64.14 





72.72 





85.82 





93.15 





90.21 





67.36 





51.08 





40.64 





33.30 




30.07 





23.70 





25.34 





32.79 





46.10 





45.63 





48.20 





50.67 





55.77 




59.75 





54.50 





56.42 





55.03 





56.75 





58.94 





64.53 





71.36 





81.05 




88.46 





87.67 





82.33 





61.76 





47.19 





35.10 





30.70 





28.96 





25.00 




26.21 





36.87 





44.71 





42.65 





45.88 





47.27 





56.74 





48.61 





47.88 




50.84 





52.19 





53.05 





57.03 





63.17 





68.28 





80.84 





83.44 





85.35 




72.84 





55.99 





42.22 





26.97 





22.23 





20.57 





23.10 





32.60 





45.15 




47.04 





51.09 





52.87 





55.58 





60.60 





49.94 





58.15 





63.09 





65.12 




64.06 





63.79 





69.01 





79.45 





91.02 





91.05 





85.45 





66.59 





49.90 




40.69 





31.46 





25.12 





24.66 





26.77 





39.12 





51.02 





58.95 





64.17 




64.19 





65.07 





69.02 





72.78 





72.72 





76.67 





76.22 





74.28 





80.22 




91.25 





98.55 





105.25 





96.45 





73.06 





54.40 





40.91 





30.48 





22.37 




21.85 





22.92 





31.57 





40.06 





42.15 





46.82 





49.79 





58.34 





57.19 




54.61 





55.55 





56.80 





58.21 





60.27 





68.08 





76.96 





92.01 





99.08 




96.74 





85.93 





64.29 





44.65 





27.90 





22.83 





21.00 





22.71 





28.33 




39.53 





44.75 





43.70 





46.91 





49.08 





58.89 





54.04 





56.06 





56.01 




54.90 





58.11 





63.39 





71.49 





84.94 





94.05 





96.51 





94.24 





67.82 




48.19 





35.45 





27.75 





23.84 





24.42 





28.77 





38.92 





49.92 





49.57 




50.55 





50.35 





58.81 





56.57 





53.98 





56.98 





56.11 





57.89 





61.11 




66.34 





73.65 





86.03 





90.12 





94.00 





81.82 





54.32 





35.85 





28.85 




26.05 





23.99 





25.24 





31.42 





43.87 





47.10 





48.97 





50.68 





53.10 




60.49 





54.44 





53.16 





52.97 





51.82 





53.26 





59.16 





67.05 





81.42 




88.29 





90.89 





80.60 





59.35 





40.02 





29.94 





23.73 





21.19 





22.13 




25.36 





31.89 





43.94 





44.76 





47.14 





48.29 





57.38 





49.73 





51.95 




54.26 





53.14 





54.03 





55.58 





60.95 





65.31 





76.78 





79.43 





80.65 




72.31 





54.67 





36.55 





26.90 





23.86 





22.07 





25.21 





30.31 





43.93 




49.73 





53.71 





57.53 





57.18 





62.83 





62.27 





61.21 





63.60 





67.29 




67.10 





66.64 





68.31 





78.41 





80.07 





80.47 





87.02 





69.93 





52.08 




39.70 





28.38 





24.10 





22.80 





27.20 





35.91 





49.95 





55.74 





61.31 




60.96 





60.62 





64.82 





66.98 





70.08 





72.49 





74.64 





72.87 





77.76 




84.21 





96.80 





100.96 





98.95 





81.23 





60.98 





44.22 





37.20 





31.62 




26.93 





27.34 





35.06 





44.60 





44.83 





47.47 





45.14 





52.33 





55.15 




49.96 





51.35 





52.01 





52.31 





56.01 





63.35 





71.05 





86.79 





99.21 




99.69 





90.44 





66.24 





47.70 





36.68 





31.84 





28.48 





29.51 





34.74 




40.98 





45.37 





46.08 





54.76 





55.42 





67.04 





57.76 





58.35 





58.83 




54.66 





56.33 





59.39 





69.91 





81.50 





93.94 





121.01 





108.04 





75.73 




56.95 





44.02 





34.64 





31.28 





30.19 





31.83 





36.22 





44.37 





40.11 




44.09 





46.91 





53.14 





55.37 





50.73 





52.07 





53.39 





54.29 





56.97 




63.48 





68.60 





84.34 





91.98 





94.81 





72.52 





60.02 





45.21 





37.10 




34.51 





31.63 





28.24 





30.62 





41.44 





48.00 





46.21 





49.85 





49.87 




57.49 





53.20 





53.29 





53.25 





52.87 





54.93 





60.47 





67.34 





77.99 




87.81 





92.10 





91.32 





67.27 





48.99 





36.75 





27.83 





21.28 





20.71 




23.97 





30.61 





40.23 





42.27 





45.16 





46.51 





53.74 





53.05 





50.64 




51.86 





51.98 





51.78 





54.70 





60.28 





68.64 





76.86 





80.42 





83.57 




77.38 





58.94 





38.41 





28.70 





24.99 





21.53 





24.14 





30.19 





42.12 




48.97 





54.21 





58.32 





57.75 





61.44 





63.24 





61.94 





63.90 





65.85 




64.51 





63.06 





66.18 





75.28 





82.73 





85.69 





85.41 





65.87 





46.37 




36.24 





27.40 





23.31 





22.45 





27.36 





36.47 





50.01 





53.75 





58.47 




60.51 





59.23 





62.40 





65.45 





66.37 





68.79 





73.26 





70.02 





75.55 




81.41 





90.75 





96.94 





93.54 





79.47 





52.64 





36.52 





27.65 





23.99 




20.74 





21.75 





27.20 





38.68 





40.17 





42.59 





43.91 





47.84 





56.85 




51.19 





50.34 





50.83 





52.14 





53.52 





62.03 





71.78 





80.73 





94.12 




94.77 





89.57 





64.50 





40.21 





30.19 





22.94 





20.77 





20.95 





25.68 




33.30 





43.93 





39.71 





44.43 





44.85 





56.58 





50.21 





50.00 





48.83 




49.61 





50.32 





55.36 





59.05 





69.96 





81.53 





105.05 
